"lengths"	"start"	"cumul"
"1"	2880	1e-08	2880
"2"	923	0.000277787777777778	3803
"3"	2328	0.000277787777777778	6131
"4"	390	0.000555565555555556	6521
"5"	2044	0.000555565555555556	8565
"6"	1412	0.00111112111111111	9977
"7"	1818	0.00111112111111111	11795
"8"	3260	0.00111112111111111	15055
"9"	419	0.00138889888888889	15474
"10"	1508	0.00138889888888889	16982
"11"	1514	0.00138889888888889	18496
"12"	3553	0.00138889888888889	22049
"13"	1203	0.00166667666666667	23252
"14"	583	0.00194445444444444	23835
"15"	1187	0.00194445444444444	25022
"16"	11994	0.00194445444444444	37016
"17"	555	0.00222223222222222	37571
"18"	1357	0.00222223222222222	38928
"19"	2275	0.00222223222222222	41203
"20"	3616	0.00222223222222222	44819
"21"	4309	0.00222223222222222	49128
"22"	885	0.00250001	50013
"23"	979	0.00277778777777778	50992
"24"	3608	0.00305556555555556	54600
"25"	932	0.00333334333333333	55532
"26"	1956	0.00333334333333333	57488
"27"	2638	0.00361112111111111	60126
"28"	905	0.00416667666666667	61031
"29"	2999	0.00444445444444444	64030
"30"	1255	0.00472223222222222	65285
"31"	1060	0.00500001	66345
"32"	1536	0.00500001	67881
"33"	2712	0.00555556555555556	70593
"34"	2593	0.00583334333333333	73186
"35"	1748	0.00611112111111111	74934
"36"	515	0.00694445444444444	75449
"37"	566	0.00722223222222222	76015
"38"	2951	0.00722223222222222	78966
"39"	1477	0.00750001	80443
"40"	1425	0.00777778777777778	81868
"41"	937	0.00944445444444444	82805
"42"	712	0.01000001	83517
"43"	843	0.01000001	84360
"44"	855	0.01000001	85215
"45"	1224	0.01000001	86439
"46"	1926	0.0102777877777778	88365
"47"	989	0.0105555655555556	89354
"48"	2792	0.0105555655555556	92146
"49"	2833	0.0108333433333333	94979
"50"	6592	0.0113888988888889	101571
"51"	1381	0.0116666766666667	102952
"52"	1282	0.0122222322222222	104234
"53"	6173	0.0122222322222222	110407
"54"	1074	0.01250001	111481
"55"	2360	0.0127777877777778	113841
"56"	717	0.0133333433333333	114558
"57"	3527	0.0133333433333333	118085
"58"	1656	0.0138888988888889	119741
"59"	7922	0.0152777877777778	127663
"60"	766	0.0155555655555556	128429
"61"	2703	0.0172222322222222	131132
"62"	3422	0.01750001	134554
"63"	566	0.0186111211111111	135120
"64"	523	0.0188888988888889	135643
"65"	910	0.0188888988888889	136553
"66"	522	0.0197222322222222	137075
"67"	1627	0.0197222322222222	138702
"68"	544	0.02000001	139246
"69"	1582	0.0208333433333333	140828
"70"	2270	0.0211111211111111	143098
"71"	4100	0.0213888988888889	147198
"72"	4539	0.0213888988888889	151737
"73"	4448	0.0219444544444444	156185
"74"	376	0.02250001	156561
"75"	1013	0.0227777877777778	157574
"76"	4260	0.0227777877777778	161834
"77"	1185	0.0247222322222222	163019
"78"	485	0.02500001	163504
"79"	826	0.02500001	164330
"80"	3892	0.0263888988888889	168222
"81"	4102	0.0277777877777778	172324
"82"	3017	0.0294444544444444	175341
"83"	720	0.0297222322222222	176061
"84"	2238	0.0297222322222222	178299
"85"	4610	0.03000001	182909
"86"	514	0.0302777877777778	183423
"87"	1641	0.0302777877777778	185064
"88"	5436	0.0302777877777778	190500
"89"	1008	0.0305555655555556	191508
"90"	590	0.0308333433333333	192098
"91"	1992	0.0308333433333333	194090
"92"	2383	0.0308333433333333	196473
"93"	392	0.0313888988888889	196865
"94"	1679	0.0313888988888889	198544
"95"	2001	0.0313888988888889	200545
"96"	575	0.0322222322222222	201120
"97"	5756	0.03250001	206876
"98"	1051	0.0338888988888889	207927
"99"	985	0.0369444544444444	208912
"100"	1541	0.0369444544444444	210453
"101"	3564	0.0372222322222222	214017
"102"	858	0.0383333433333333	214875
"103"	8470	0.0383333433333333	223345
"104"	2784	0.0388888988888889	226129
"105"	1355	0.0391666766666667	227484
"106"	1406	0.0394444544444444	228890
"107"	3960	0.0394444544444444	232850
"108"	5607	0.0394444544444444	238457
"109"	1315	0.0397222322222222	239772
"110"	2936	0.0397222322222222	242708
"111"	2637	0.04000001	245345
"112"	3170	0.04000001	248515
"113"	2666	0.0402777877777778	251181
"114"	1296	0.0405555655555556	252477
"115"	807	0.0411111211111111	253284
"116"	1663	0.0411111211111111	254947
"117"	618	0.0413888988888889	255565
"118"	871	0.0419444544444444	256436
"119"	794	0.0430555655555556	257230
"120"	878	0.0430555655555556	258108
"121"	872	0.0441666766666667	258980
"122"	2137	0.0444444544444444	261117
"123"	2910	0.0463888988888889	264027
"124"	2343	0.0466666766666667	266370
"125"	803	0.0483333433333333	267173
"126"	583	0.0486111211111111	267756
"127"	803	0.0491666766666667	268559
"128"	4014	0.0494444544444444	272573
"129"	527	0.0497222322222222	273100
"130"	1609	0.05000001	274709
"131"	1568	0.0505555655555556	276277
"132"	1687	0.0508333433333333	277964
"133"	695	0.0511111211111111	278659
"134"	799	0.0516666766666667	279458
"135"	1009	0.0519444544444444	280467
"136"	3136	0.0519444544444444	283603
"137"	2762	0.0522222322222222	286365
"138"	1762	0.0530555655555556	288127
"139"	686	0.0536111211111111	288813
"140"	706	0.0541666766666667	289519
"141"	1077	0.0555555655555556	290596
"142"	947	0.0561111211111111	291543
"143"	1656	0.0561111211111111	293199
"144"	1007	0.0563888988888889	294206
"145"	1313	0.0566666766666667	295519
"146"	9076	0.0566666766666667	304595
"147"	956	0.05750001	305551
"148"	1490	0.05750001	307041
"149"	4680	0.0583333433333333	311721
"150"	998	0.0586111211111111	312719
"151"	2929	0.0586111211111111	315648
"152"	794	0.0588888988888889	316442
"153"	3856	0.0588888988888889	320298
"154"	12328	0.0588888988888889	332626
"155"	626	0.0594444544444444	333252
"156"	2563	0.0597222322222222	335815
"157"	2759	0.0597222322222222	338574
"158"	1064	0.0602777877777778	339638
"159"	1252	0.0602777877777778	340890
"160"	2186	0.0602777877777778	343076
"161"	2021	0.0605555655555556	345097
"162"	2170	0.0611111211111111	347267
"163"	535	0.0616666766666667	347802
"164"	749	0.0619444544444444	348551
"165"	3608	0.0627777877777778	352159
"166"	1014	0.0638888988888889	353173
"167"	356	0.0644444544444444	353529
"168"	1840	0.0644444544444444	355369
"169"	1489	0.0655555655555556	356858
"170"	3420	0.0655555655555556	360278
"171"	2024	0.0658333433333333	362302
"172"	2459	0.0666666766666667	364761
"173"	1058	0.0677777877777778	365819
"174"	1383	0.0702777877777778	367202
"175"	1514	0.0702777877777778	368716
"176"	4916	0.0702777877777778	373632
"177"	5498	0.0702777877777778	379130
"178"	408	0.0705555655555555	379538
"179"	307	0.0711111211111111	379845
"180"	533	0.0713888988888889	380378
"181"	752	0.0713888988888889	381130
"182"	906	0.0713888988888889	382036
"183"	3606	0.0716666766666667	385642
"184"	5200	0.0716666766666667	390842
"185"	3040	0.0722222322222222	393882
"186"	501	0.0733333433333333	394383
"187"	1144	0.0733333433333333	395527
"188"	5118	0.0744444544444444	400645
"189"	2025	0.0752777877777778	402670
"190"	2038	0.0763888988888889	404708
"191"	708	0.0783333433333333	405416
"192"	1416	0.0783333433333333	406832
"193"	1568	0.0786111211111111	408400
"194"	2308	0.0786111211111111	410708
"195"	4033	0.0786111211111111	414741
"196"	1851	0.0791666766666667	416592
"197"	857	0.0797222322222222	417449
"198"	2533	0.0797222322222222	419982
"199"	1727	0.08000001	421709
"200"	1785	0.08000001	423494
"201"	1714	0.0805555655555556	425208
"202"	1836	0.0805555655555556	427044
"203"	2685	0.0805555655555556	429729
"204"	781	0.0811111211111111	430510
"205"	1366	0.0816666766666667	431876
"206"	296	0.0822222322222222	432172
"207"	2358	0.08250001	434530
"208"	2466	0.0836111211111111	436996
"209"	1158	0.08500001	438154
"210"	1388	0.08500001	439542
"211"	3251	0.0858333433333333	442793
"212"	1854	0.0861111211111111	444647
"213"	1287	0.0880555655555555	445934
"214"	1515	0.0880555655555555	447449
"215"	2816	0.0880555655555555	450265
"216"	1128	0.0883333433333333	451393
"217"	3480	0.09000001	454873
"218"	8308	0.09000001	463181
"219"	1530	0.0905555655555556	464711
"220"	1612	0.0905555655555556	466323
"221"	3811	0.09250001	470134
"222"	1037	0.0930555655555556	471171
"223"	1877	0.0933333433333333	473048
"224"	1015	0.0952777877777778	474063
"225"	1764	0.0952777877777778	475827
"226"	1898	0.0952777877777778	477725
"227"	8857	0.0955555655555556	486582
"228"	2705	0.0963888988888889	489287
"229"	1078	0.09750001	490365
"230"	3729	0.09750001	494094
"231"	4808	0.0980555655555556	498902
"232"	1870	0.101666676666667	500772
"233"	3103	0.101666676666667	503875
"234"	1244	0.102777787777778	505119
"235"	3266	0.104722232222222	508385
"236"	2221	0.10500001	510606
"237"	3002	0.105833343333333	513608
"238"	2648	0.107222232222222	516256
"239"	7935	0.107222232222222	524191
"240"	2828	0.10750001	527019
"241"	2314	0.108055565555556	529333
"242"	5619	0.108888898888889	534952
"243"	556	0.110555565555556	535508
"244"	543	0.111944454444444	536051
"245"	991	0.114166676666667	537042
"246"	4426	0.114166676666667	541468
"247"	1592	0.114444454444444	543060
"248"	2824	0.115277787777778	545884
"249"	6359	0.115277787777778	552243
"250"	4740	0.116388898888889	556983
"251"	6412	0.11750001	563395
"252"	1270	0.118055565555556	564665
"253"	582	0.118333343333333	565247
"254"	437	0.118611121111111	565684
"255"	1030	0.118611121111111	566714
"256"	5493	0.118611121111111	572207
"257"	719	0.118888898888889	572926
"258"	4046	0.119166676666667	576972
"259"	3909	0.119722232222222	580881
"260"	1580	0.12000001	582461
"261"	527	0.120277787777778	582988
"262"	911	0.120277787777778	583899
"263"	3104	0.120833343333333	587003
"264"	706	0.121111121111111	587709
"265"	1152	0.121666676666667	588861
"266"	9381	0.121666676666667	598242
"267"	1820	0.121944454444444	600062
"268"	1249	0.123333343333333	601311
"269"	1290	0.123333343333333	602601
"270"	1984	0.124444454444444	604585
"271"	1346	0.124722232222222	605931
"272"	595	0.12500001	606526
"273"	1952	0.126111121111111	608478
"274"	1160	0.126666676666667	609638
"275"	1594	0.126666676666667	611232
"276"	2424	0.126666676666667	613656
"277"	850	0.126944454444444	614506
"278"	2664	0.126944454444444	617170
"279"	3030	0.127777787777778	620200
"280"	2798	0.128055565555556	622998
"281"	814	0.129166676666667	623812
"282"	750	0.129444454444444	624562
"283"	729	0.131111121111111	625291
"284"	1620	0.131388898888889	626911
"285"	1438	0.131944454444444	628349
"286"	1885	0.133055565555556	630234
"287"	651	0.136388898888889	630885
"288"	845	0.136388898888889	631730
"289"	1522	0.136388898888889	633252
"290"	5954	0.136666676666667	639206
"291"	1119	0.13750001	640325
"292"	617	0.139166676666667	640942
"293"	4389	0.139444454444444	645331
"294"	4648	0.14000001	649979
"295"	745	0.140555565555556	650724
"296"	4686	0.141666676666667	655410
"297"	7809	0.141666676666667	663219
"298"	572	0.14250001	663791
"299"	629	0.142777787777778	664420
"300"	997	0.142777787777778	665417
"301"	907	0.143333343333333	666324
"302"	2628	0.143611121111111	668952
"303"	706	0.144166676666667	669658
"304"	1017	0.144444454444444	670675
"305"	657	0.146111121111111	671332
"306"	690	0.146111121111111	672022
"307"	4632	0.146111121111111	676654
"308"	2903	0.146388898888889	679557
"309"	2205	0.146666676666667	681762
"310"	2033	0.146944454444444	683795
"311"	4919	0.147222232222222	688714
"312"	3411	0.14750001	692125
"313"	520	0.148611121111111	692645
"314"	3576	0.148888898888889	696221
"315"	1640	0.15000001	697861
"316"	1400	0.150277787777778	699261
"317"	3327	0.156944454444444	702588
"318"	1653	0.157222232222222	704241
"319"	1877	0.157222232222222	706118
"320"	2372	0.15750001	708490
"321"	3438	0.157777787777778	711928
"322"	1188	0.158055565555556	713116
"323"	5403	0.158055565555556	718519
"324"	825	0.158333343333333	719344
"325"	1537	0.160833343333333	720881
"326"	1904	0.160833343333333	722785
"327"	1063	0.162222232222222	723848
"328"	2605	0.164166676666667	726453
"329"	6492	0.165277787777778	732945
"330"	5337	0.166666676666667	738282
"331"	1284	0.167222232222222	739566
"332"	2622	0.168333343333333	742188
"333"	1524	0.170833343333333	743712
"334"	3721	0.170833343333333	747433
"335"	4431	0.170833343333333	751864
"336"	2579	0.171111121111111	754443
"337"	2612	0.171111121111111	757055
"338"	6796	0.171388898888889	763851
"339"	4133	0.17250001	767984
"340"	796	0.173055565555556	768780
"341"	2365	0.173055565555556	771145
"342"	2032	0.173888898888889	773177
"343"	1205	0.174166676666667	774382
"344"	1410	0.174444454444444	775792
"345"	2799	0.17500001	778591
"346"	521	0.175555565555556	779112
"347"	1514	0.175555565555556	780626
"348"	6703	0.175555565555556	787329
"349"	1230	0.176111121111111	788559
"350"	1272	0.176111121111111	789831
"351"	1714	0.176388898888889	791545
"352"	3559	0.176388898888889	795104
"353"	3258	0.178888898888889	798362
"354"	2388	0.179722232222222	800750
"355"	737	0.18000001	801487
"356"	1483	0.181111121111111	802970
"357"	1370	0.181388898888889	804340
"358"	831	0.182222232222222	805171
"359"	6374	0.182777787777778	811545
"360"	2130	0.183333343333333	813675
"361"	709	0.184444454444444	814384
"362"	1528	0.185277787777778	815912
"363"	2166	0.186944454444444	818078
"364"	1403	0.187222232222222	819481
"365"	1050	0.188888898888889	820531
"366"	4777	0.188888898888889	825308
"367"	8563	0.189166676666667	833871
"368"	515	0.190277787777778	834386
"369"	838	0.193055565555556	835224
"370"	680	0.193333343333333	835904
"371"	5244	0.193333343333333	841148
"372"	549	0.194444454444444	841697
"373"	984	0.195555565555556	842681
"374"	644	0.19750001	843325
"375"	3722	0.19750001	847047
"376"	2595	0.197777787777778	849642
"377"	470	0.198333343333333	850112
"378"	840	0.198333343333333	850952
"379"	8995	0.199722232222222	859947
"380"	1297	0.200555565555556	861244
"381"	490	0.201111121111111	861734
"382"	796	0.201388898888889	862530
"383"	2688	0.201944454444444	865218
"384"	2425	0.204166676666667	867643
"385"	672	0.204722232222222	868315
"386"	1468	0.204722232222222	869783
"387"	448	0.20500001	870231
"388"	771	0.206111121111111	871002
"389"	5477	0.206388898888889	876479
"390"	7787	0.209166676666667	884266
"391"	5659	0.209722232222222	889925
"392"	921	0.210555565555556	890846
"393"	4619	0.210833343333333	895465
"394"	2178	0.211944454444444	897643
"395"	1084	0.213333343333333	898727
"396"	1568	0.214444454444444	900295
"397"	719	0.214722232222222	901014
"398"	2967	0.21500001	903981
"399"	6062	0.21500001	910043
"400"	2410	0.218333343333333	912453
"401"	411	0.219722232222222	912864
"402"	531	0.221111121111111	913395
"403"	3368	0.222777787777778	916763
"404"	614	0.223888898888889	917377
"405"	565	0.224166676666667	917942
"406"	701	0.224444454444444	918643
"407"	816	0.224444454444444	919459
"408"	6323	0.225277787777778	925782
"409"	1100	0.225555565555556	926882
"410"	735	0.227222232222222	927617
"411"	12705	0.227777787777778	940322
"412"	2695	0.229444454444444	943017
"413"	1996	0.230555565555556	945013
"414"	3202	0.231666676666667	948215
"415"	994	0.232777787777778	949209
"416"	583	0.234166676666667	949792
"417"	1506	0.234166676666667	951298
"418"	2206	0.234166676666667	953504
"419"	1589	0.23500001	955093
"420"	4819	0.235555565555556	959912
"421"	2150	0.236111121111111	962062
"422"	4221	0.238055565555556	966283
"423"	8632	0.24000001	974915
"424"	2981	0.240277787777778	977896
"425"	6762	0.240833343333333	984658
"426"	4375	0.242222232222222	989033
"427"	7117	0.24250001	996150
"428"	385	0.244166676666667	996535
"429"	4828	0.244444454444444	1001363
"430"	2082	0.244722232222222	1003445
"431"	2876	0.245833343333333	1006321
"432"	300	0.248055565555556	1006621
"433"	765	0.248055565555556	1007386
"434"	1160	0.25000001	1008546
"435"	1041	0.250277787777778	1009587
"436"	3046	0.251111121111111	1012633
"437"	1476	0.251944454444444	1014109
"438"	904	0.252222232222222	1015013
"439"	1146	0.252222232222222	1016159
"440"	409	0.253333343333333	1016568
"441"	1887	0.253333343333333	1018455
"442"	1843	0.253611121111111	1020298
"443"	5830	0.253611121111111	1026128
"444"	792	0.253888898888889	1026920
"445"	2288	0.25500001	1029208
"446"	529	0.256388898888889	1029737
"447"	1094	0.256666676666667	1030831
"448"	793	0.257777787777778	1031624
"449"	1589	0.257777787777778	1033213
"450"	5247	0.258055565555556	1038460
"451"	2195	0.261111121111111	1040655
"452"	416	0.261944454444444	1041071
"453"	5314	0.263055565555556	1046385
"454"	1680	0.263611121111111	1048065
"455"	3206	0.263888898888889	1051271
"456"	533	0.265277787777778	1051804
"457"	1901	0.265833343333333	1053705
"458"	1972	0.266388898888889	1055677
"459"	7130	0.267222232222222	1062807
"460"	666	0.270277787777778	1063473
"461"	2410	0.270555565555556	1065883
"462"	3731	0.272222232222222	1069614
"463"	347	0.273055565555556	1069961
"464"	1295	0.275555565555556	1071256
"465"	2388	0.275555565555556	1073644
"466"	1918	0.276944454444444	1075562
"467"	3086	0.277777787777778	1078648
"468"	3550	0.280555565555556	1082198
"469"	5848	0.280555565555556	1088046
"470"	2176	0.280833343333333	1090222
"471"	3528	0.280833343333333	1093750
"472"	1044	0.281111121111111	1094794
"473"	735	0.28250001	1095529
"474"	2373	0.28250001	1097902
"475"	3029	0.283333343333333	1100931
"476"	1795	0.285555565555556	1102726
"477"	2324	0.285833343333333	1105050
"478"	4431	0.287222232222222	1109481
"479"	1848	0.289444454444444	1111329
"480"	606	0.29000001	1111935
"481"	2863	0.290555565555556	1114798
"482"	7447	0.291388898888889	1122245
"483"	1811	0.293055565555556	1124056
"484"	1380	0.293333343333333	1125436
"485"	3055	0.29500001	1128491
"486"	1335	0.296944454444444	1129826
"487"	2236	0.298333343333333	1132062
"488"	2554	0.298333343333333	1134616
"489"	3063	0.30000001	1137679
"490"	2927	0.301388898888889	1140606
"491"	1501	0.301944454444444	1142107
"492"	1765	0.302222232222222	1143872
"493"	2735	0.302222232222222	1146607
"494"	1139	0.30250001	1147746
"495"	2882	0.304166676666667	1150628
"496"	584	0.304722232222222	1151212
"497"	1214	0.30750001	1152426
"498"	2384	0.307777787777778	1154810
"499"	8008	0.308055565555556	1162818
"500"	1434	0.310555565555556	1164252
"501"	1253	0.311666676666667	1165505
"502"	854	0.312222232222222	1166359
"503"	551	0.31250001	1166910
"504"	10880	0.313888898888889	1177790
"505"	3129	0.314722232222222	1180919
"506"	1343	0.316666676666667	1182262
"507"	10966	0.319722232222222	1193228
"508"	1861	0.321388898888889	1195089
"509"	5070	0.323055565555556	1200159
"510"	1178	0.323888898888889	1201337
"511"	417	0.324166676666667	1201754
"512"	1722	0.324444454444444	1203476
"513"	2565	0.324722232222222	1206041
"514"	4545	0.329166676666667	1210586
"515"	1028	0.329722232222222	1211614
"516"	2365	0.330555565555556	1213979
"517"	3157	0.331388898888889	1217136
"518"	636	0.331666676666667	1217772
"519"	381	0.331944454444444	1218153
"520"	373	0.332222232222222	1218526
"521"	1232	0.333888898888889	1219758
"522"	380	0.334166676666667	1220138
"523"	1356	0.334722232222222	1221494
"524"	6775	0.334722232222222	1228269
"525"	4846	0.33500001	1233115
"526"	1123	0.336111121111111	1234238
"527"	756	0.338611121111111	1234994
"528"	3601	0.339166676666667	1238595
"529"	2825	0.340833343333333	1241420
"530"	1956	0.341111121111111	1243376
"531"	3824	0.341111121111111	1247200
"532"	1627	0.341388898888889	1248827
"533"	1085	0.341666676666667	1249912
"534"	1886	0.341666676666667	1251798
"535"	2539	0.342222232222222	1254337
"536"	1345	0.34750001	1255682
"537"	1482	0.348611121111111	1257164
"538"	9643	0.350833343333333	1266807
"539"	639	0.351666676666667	1267446
"540"	6405	0.351944454444444	1273851
"541"	1082	0.352777787777778	1274933
"542"	754	0.356944454444444	1275687
"543"	1173	0.358055565555556	1276860
"544"	1679	0.358888898888889	1278539
"545"	1426	0.359444454444444	1279965
"546"	669	0.360555565555556	1280634
"547"	1720	0.360555565555556	1282354
"548"	1969	0.361388898888889	1284323
"549"	1028	0.363611121111111	1285351
"550"	727	0.365555565555556	1286078
"551"	939	0.36750001	1287017
"552"	4160	0.368611121111111	1291177
"553"	1302	0.37000001	1292479
"554"	1018	0.370277787777778	1293497
"555"	711	0.370833343333333	1294208
"556"	2168	0.371388898888889	1296376
"557"	660	0.372222232222222	1297036
"558"	2266	0.372222232222222	1299302
"559"	3584	0.373055565555556	1302886
"560"	4985	0.373611121111111	1307871
"561"	1492	0.375277787777778	1309363
"562"	1549	0.376111121111111	1310912
"563"	1432	0.378055565555556	1312344
"564"	6273	0.38000001	1318617
"565"	6498	0.381388898888889	1325115
"566"	1092	0.384166676666667	1326207
"567"	2248	0.386666676666667	1328455
"568"	4386	0.388888898888889	1332841
"569"	4390	0.389444454444444	1337231
"570"	1271	0.390277787777778	1338502
"571"	5378	0.391388898888889	1343880
"572"	457	0.399166676666667	1344337
"573"	3627	0.401944454444444	1347964
"574"	525	0.403888898888889	1348489
"575"	915	0.403888898888889	1349404
"576"	2781	0.406111121111111	1352185
"577"	8358	0.408888898888889	1360543
"578"	3971	0.410555565555556	1364514
"579"	3378	0.411111121111111	1367892
"580"	3662	0.414444454444444	1371554
"581"	773	0.415277787777778	1372327
"582"	1336	0.419444454444444	1373663
"583"	2897	0.419722232222222	1376560
"584"	1075	0.421666676666667	1377635
"585"	3326	0.422777787777778	1380961
"586"	2312	0.423888898888889	1383273
"587"	5690	0.423888898888889	1388963
"588"	2365	0.425277787777778	1391328
"589"	4856	0.425833343333333	1396184
"590"	8907	0.429166676666667	1405091
"591"	8061	0.429722232222222	1413152
"592"	942	0.430277787777778	1414094
"593"	1510	0.435555565555556	1415604
"594"	3268	0.436388898888889	1418872
"595"	3715	0.436388898888889	1422587
"596"	3550	0.439722232222222	1426137
"597"	1324	0.440277787777778	1427461
"598"	1424	0.444444454444444	1428885
"599"	1196	0.445833343333333	1430081
"600"	598	0.447777787777778	1430679
"601"	554	0.448055565555556	1431233
"602"	10214	0.448888898888889	1441447
"603"	1986	0.449722232222222	1443433
"604"	2173	0.449722232222222	1445606
"605"	2957	0.450833343333333	1448563
"606"	4582	0.451944454444444	1453145
"607"	726	0.452222232222222	1453871
"608"	1782	0.455555565555556	1455653
"609"	550	0.456388898888889	1456203
"610"	511	0.456666676666667	1456714
"611"	5353	0.458055565555556	1462067
"612"	1520	0.458333343333333	1463587
"613"	2561	0.458888898888889	1466148
"614"	2586	0.458888898888889	1468734
"615"	2808	0.459444454444444	1471542
"616"	4230	0.460277787777778	1475772
"617"	1067	0.462222232222222	1476839
"618"	488	0.468611121111111	1477327
"619"	1046	0.468888898888889	1478373
"620"	441	0.471111121111111	1478814
"621"	2099	0.471944454444444	1480913
"622"	3973	0.473055565555556	1484886
"623"	1147	0.473333343333333	1486033
"624"	2536	0.474722232222222	1488569
"625"	2022	0.475277787777778	1490591
"626"	5178	0.47750001	1495769
"627"	554	0.477777787777778	1496323
"628"	5397	0.477777787777778	1501720
"629"	3277	0.478611121111111	1504997
"630"	456	0.478888898888889	1505453
"631"	1251	0.481944454444444	1506704
"632"	723	0.48500001	1507427
"633"	4680	0.488055565555556	1512107
"634"	2871	0.488611121111111	1514978
"635"	6728	0.491111121111111	1521706
"636"	732	0.493055565555556	1522438
"637"	825	0.496666676666667	1523263
"638"	847	0.496944454444444	1524110
"639"	4382	0.500555565555556	1528492
"640"	316	0.501111121111111	1528808
"641"	3300	0.505555565555556	1532108
"642"	1016	0.506666676666667	1533124
"643"	927	0.51500001	1534051
"644"	942	0.51500001	1534993
"645"	1310	0.516388898888889	1536303
"646"	1067	0.519166676666667	1537370
"647"	1142	0.519166676666667	1538512
"648"	1234	0.519722232222222	1539746
"649"	2313	0.519722232222222	1542059
"650"	4903	0.525833343333333	1546962
"651"	6588	0.525833343333333	1553550
"652"	1385	0.526944454444444	1554935
"653"	894	0.53000001	1555829
"654"	1482	0.533611121111111	1557311
"655"	3900	0.534166676666667	1561211
"656"	2449	0.534722232222222	1563660
"657"	6266	0.534722232222222	1569926
"658"	609	0.535555565555556	1570535
"659"	1092	0.53750001	1571627
"660"	2013	0.538888898888889	1573640
"661"	2165	0.539166676666667	1575805
"662"	1253	0.541944454444445	1577058
"663"	708	0.545555565555556	1577766
"664"	3218	0.545555565555556	1580984
"665"	1063	0.545833343333333	1582047
"666"	2277	0.550277787777778	1584324
"667"	2477	0.558055565555556	1586801
"668"	10264	0.559166676666667	1597065
"669"	563	0.560833343333333	1597628
"670"	1142	0.561944454444445	1598770
"671"	2194	0.56500001	1600964
"672"	2681	0.565833343333333	1603645
"673"	1664	0.566111121111111	1605309
"674"	2838	0.567777787777778	1608147
"675"	3563	0.570555565555556	1611710
"676"	843	0.571944454444445	1612553
"677"	1247	0.572222232222222	1613800
"678"	2608	0.57250001	1616408
"679"	6803	0.576388898888889	1623211
"680"	3169	0.584444454444444	1626380
"681"	1701	0.584722232222222	1628081
"682"	4530	0.58750001	1632611
"683"	570	0.591944454444445	1633181
"684"	2845	0.592777787777778	1636026
"685"	2391	0.597222232222222	1638417
"686"	2937	0.599444454444444	1641354
"687"	4420	0.60000001	1645774
"688"	4553	0.603611121111111	1650327
"689"	1569	0.604444454444445	1651896
"690"	714	0.60750001	1652610
"691"	1065	0.607777787777778	1653675
"692"	773	0.610555565555556	1654448
"693"	2840	0.611388898888889	1657288
"694"	2139	0.611944454444444	1659427
"695"	6063	0.613333343333333	1665490
"696"	3819	0.613611121111111	1669309
"697"	3211	0.615277787777778	1672520
"698"	3341	0.615277787777778	1675861
"699"	455	0.622222232222222	1676316
"700"	1774	0.623055565555556	1678090
"701"	9657	0.623055565555556	1687747
"702"	354	0.623333343333333	1688101
"703"	5929	0.623333343333333	1694030
"704"	914	0.625555565555556	1694944
"705"	1018	0.631388898888889	1695962
"706"	8673	0.635555565555556	1704635
"707"	1670	0.639166676666667	1706305
"708"	833	0.640555565555556	1707138
"709"	807	0.642777787777778	1707945
"710"	5226	0.643055565555556	1713171
"711"	451	0.65000001	1713622
"712"	4635	0.651111121111111	1718257
"713"	857	0.65250001	1719114
"714"	1154	0.654166676666667	1720268
"715"	3248	0.658611121111111	1723516
"716"	2473	0.658888898888889	1725989
"717"	2494	0.660277787777778	1728483
"718"	3938	0.662222232222222	1732421
"719"	3117	0.664166676666667	1735538
"720"	1990	0.670833343333333	1737528
"721"	2186	0.671944454444445	1739714
"722"	1843	0.67250001	1741557
"723"	1604	0.679444454444444	1743161
"724"	3257	0.682222232222222	1746418
"725"	3330	0.683888898888889	1749748
"726"	3058	0.685277787777778	1752806
"727"	583	0.686944454444445	1753389
"728"	1583	0.691666676666667	1754972
"729"	1689	0.695555565555556	1756661
"730"	2582	0.70000001	1759243
"731"	1405	0.700833343333333	1760648
"732"	583	0.701944454444445	1761231
"733"	2997	0.701944454444445	1764228
"734"	1833	0.703333343333333	1766061
"735"	1725	0.70500001	1767786
"736"	5285	0.708611121111111	1773071
"737"	2822	0.720555565555556	1775893
"738"	6960	0.720555565555556	1782853
"739"	1142	0.723055565555556	1783995
"740"	3101	0.735555565555556	1787096
"741"	937	0.738333343333333	1788033
"742"	1551	0.74000001	1789584
"743"	642	0.749722232222222	1790226
"744"	1158	0.760277787777778	1791384
"745"	6167	0.761388898888889	1797551
"746"	2380	0.774166676666667	1799931
"747"	3376	0.774444454444445	1803307
"748"	1003	0.780277787777778	1804310
"749"	4070	0.783333343333333	1808380
"750"	4984	0.786111121111111	1813364
"751"	4776	0.786666676666667	1818140
"752"	3157	0.786944454444444	1821297
"753"	1144	0.788611121111111	1822441
"754"	673	0.789722232222222	1823114
"755"	3628	0.798611121111111	1826742
"756"	6034	0.808333343333333	1832776
"757"	848	0.808888898888889	1833624
"758"	1487	0.81500001	1835111
"759"	706	0.816388898888889	1835817
"760"	2248	0.820555565555556	1838065
"761"	1623	0.824444454444444	1839688
"762"	1943	0.830555565555556	1841631
"763"	3741	0.831388898888889	1845372
"764"	3513	0.835555565555556	1848885
"765"	1664	0.842222232222222	1850549
"766"	2799	0.844722232222222	1853348
"767"	3307	0.848333343333333	1856655
"768"	1201	0.851111121111111	1857856
"769"	811	0.85750001	1858667
"770"	2387	0.858055565555556	1861054
"771"	526	0.858611121111111	1861580
"772"	1905	0.861666676666667	1863485
"773"	2542	0.864722232222222	1866027
"774"	3202	0.866388898888889	1869229
"775"	1661	0.866944454444444	1870890
"776"	9476	0.866944454444444	1880366
"777"	2801	0.874444454444445	1883167
"778"	874	0.883888898888889	1884041
"779"	3640	0.887777787777778	1887681
"780"	3146	0.891388898888889	1890827
"781"	2398	0.89250001	1893225
"782"	2458	0.896111121111111	1895683
"783"	1932	0.898055565555556	1897615
"784"	10008	0.906111121111111	1907623
"785"	6212	0.908888898888889	1913835
"786"	581	0.91000001	1914416
"787"	1759	0.911944454444444	1916175
"788"	986	0.915277787777778	1917161
"789"	690	0.916666676666667	1917851
"790"	7654	0.92250001	1925505
"791"	1843	0.925555565555556	1927348
"792"	5017	0.938333343333333	1932365
"793"	4231	0.945833343333333	1936596
"794"	2397	0.949166676666667	1938993
"795"	5901	0.955833343333333	1944894
"796"	1706	0.960277787777778	1946600
"797"	6853	0.964166676666667	1953453
"798"	1022	0.979722232222222	1954475
"799"	5804	0.983611121111111	1960279
"800"	4912	0.985555565555556	1965191
"801"	3061	0.986944454444444	1968252
"802"	610	0.99500001	1968862
"803"	444	0.996666676666667	1969306
"804"	7015	0.999166676666667	1976321
"805"	1888	1.00416667666667	1978209
"806"	2644	1.00416667666667	1980853
"807"	6128	1.00472223222222	1986981
"808"	1547	1.00888889888889	1988528
"809"	596	1.01138889888889	1989124
"810"	685	1.01250001	1989809
"811"	1660	1.01500001	1991469
"812"	9341	1.01638889888889	2000810
"813"	2342	1.02194445444444	2003152
"814"	3846	1.02250001	2006998
"815"	3850	1.03194445444444	2010848
"816"	580	1.03750001	2011428
"817"	5621	1.04055556555556	2017049
"818"	445	1.05055556555556	2017494
"819"	2829	1.05805556555556	2020323
"820"	2317	1.06000001	2022640
"821"	8212	1.06111112111111	2030852
"822"	1510	1.06972223222222	2032362
"823"	3480	1.08166667666667	2035842
"824"	2471	1.08611112111111	2038313
"825"	2369	1.09055556555556	2040682
"826"	2882	1.09222223222222	2043564
"827"	2009	1.09972223222222	2045573
"828"	7260	1.10250001	2052833
"829"	618	1.10277778777778	2053451
"830"	1419	1.10638889888889	2054870
"831"	3674	1.10750001	2058544
"832"	431	1.11888889888889	2058975
"833"	5995	1.11972223222222	2064970
"834"	2697	1.14194445444444	2067667
"835"	5348	1.16833334333333	2073015
"836"	7821	1.16833334333333	2080836
"837"	3124	1.17138889888889	2083960
"838"	457	1.18777778777778	2084417
"839"	840	1.19055556555556	2085257
"840"	2483	1.19777778777778	2087740
"841"	1351	1.21000001	2089091
"842"	2437	1.21972223222222	2091528
"843"	2507	1.22388889888889	2094035
"844"	1309	1.22888889888889	2095344
"845"	2053	1.23500001	2097397
"846"	480	1.25027778777778	2097877
"847"	11757	1.25305556555556	2109634
"848"	1426	1.25611112111111	2111060
"849"	5143	1.26444445444444	2116203
"850"	620	1.26611112111111	2116823
"851"	1617	1.27694445444444	2118440
"852"	1705	1.28305556555556	2120145
"853"	1438	1.28500001	2121583
"854"	779	1.28944445444444	2122362
"855"	2759	1.29527778777778	2125121
"856"	815	1.31250001	2125936
"857"	1959	1.31805556555556	2127895
"858"	885	1.32833334333333	2128780
"859"	4149	1.32916667666667	2132929
"860"	1536	1.33361112111111	2134465
"861"	5448	1.34444445444444	2139913
"862"	8168	1.35027778777778	2148081
"863"	767	1.35305556555556	2148848
"864"	2986	1.36277778777778	2151834
"865"	2246	1.36666667666667	2154080
"866"	635	1.37083334333333	2154715
"867"	342	1.37444445444444	2155057
"868"	7936	1.38138889888889	2162993
"869"	2784	1.38166667666667	2165777
"870"	656	1.39111112111111	2166433
"871"	677	1.39388889888889	2167110
"872"	1162	1.39527778777778	2168272
"873"	1937	1.39722223222222	2170209
"874"	1512	1.40027778777778	2171721
"875"	685	1.40194445444444	2172406
"876"	1740	1.40194445444444	2174146
"877"	648	1.40333334333333	2174794
"878"	3557	1.41527778777778	2178351
"879"	6290	1.42055556555556	2184641
"880"	2646	1.42805556555556	2187287
"881"	979	1.43000001	2188266
"882"	1327	1.43000001	2189593
"883"	658	1.43833334333333	2190251
"884"	5386	1.44138889888889	2195637
"885"	1326	1.44722223222222	2196963
"886"	3084	1.45000001	2200047
"887"	2407	1.45972223222222	2202454
"888"	8505	1.46111112111111	2210959
"889"	1584	1.46638889888889	2212543
"890"	1741	1.46777778777778	2214284
"891"	1206	1.47333334333333	2215490
"892"	1104	1.47500001	2216594
"893"	484	1.47750001	2217078
"894"	5599	1.48194445444444	2222677
"895"	2797	1.48277778777778	2225474
"896"	5278	1.49527778777778	2230752
"897"	11839	1.49805556555556	2242591
"898"	1009	1.50805556555556	2243600
"899"	1845	1.51027778777778	2245445
"900"	8244	1.51055556555556	2253689
"901"	434	1.52722223222222	2254123
"902"	1037	1.54694445444444	2255160
"903"	897	1.56388889888889	2256057
"904"	548	1.57638889888889	2256605
"905"	3400	1.59055556555556	2260005
"906"	579	1.59805556555556	2260584
"907"	2616	1.60694445444444	2263200
"908"	5711	1.61027778777778	2268911
"909"	830	1.61083334333333	2269741
"910"	5115	1.62055556555556	2274856
"911"	7001	1.62500001	2281857
"912"	3027	1.62527778777778	2284884
"913"	782	1.64055556555556	2285666
"914"	1166	1.64861112111111	2286832
"915"	3878	1.67138889888889	2290710
"916"	2208	1.67361112111111	2292918
"917"	991	1.68222223222222	2293909
"918"	2872	1.68777778777778	2296781
"919"	1712	1.70250001	2298493
"920"	7145	1.71250001	2305638
"921"	7301	1.71527778777778	2312939
"922"	1956	1.74194445444444	2314895
"923"	2385	1.75277778777778	2317280
"924"	1543	1.76472223222222	2318823
"925"	3512	1.76694445444444	2322335
"926"	627	1.78083334333333	2322962
"927"	777	1.78333334333333	2323739
"928"	1806	1.79055556555556	2325545
"929"	3383	1.79055556555556	2328928
"930"	3175	1.81888889888889	2332103
"931"	3615	1.83500001	2335718
"932"	3346	1.83694445444444	2339064
"933"	1136	1.85833334333333	2340200
"934"	1307	1.86305556555556	2341507
"935"	2381	1.86888889888889	2343888
"936"	5184	1.87527778777778	2349072
"937"	546	1.88750001	2349618
"938"	607	1.88777778777778	2350225
"939"	866	1.89111112111111	2351091
"940"	4584	1.89277778777778	2355675
"941"	898	1.89472223222222	2356573
"942"	5318	1.89722223222222	2361891
"943"	3804	1.89972223222222	2365695
"944"	758	1.90222223222222	2366453
"945"	767	1.90750001	2367220
"946"	3273	1.91611112111111	2370493
"947"	1367	1.91750001	2371860
"948"	387	1.91833334333333	2372247
"949"	2300	1.93361112111111	2374547
"950"	786	1.94083334333333	2375333
"951"	1866	1.94694445444444	2377199
"952"	2301	1.96000001	2379500
"953"	1095	1.96416667666667	2380595
"954"	5204	1.96611112111111	2385799
"955"	421	1.97472223222222	2386220
"956"	3307	1.97638889888889	2389527
"957"	1517	2.03277778777778	2391044
"958"	3514	2.04444445444444	2394558
"959"	1851	2.05194445444444	2396409
"960"	619	2.05250001	2397028
"961"	2707	2.05527778777778	2399735
"962"	919	2.10027778777778	2400654
"963"	1868	2.12805556555556	2402522
"964"	607	2.13500001	2403129
"965"	1365	2.14416667666667	2404494
"966"	3164	2.15944445444444	2407658
"967"	4949	2.19666667666667	2412607
"968"	5747	2.19666667666667	2418354
"969"	2607	2.36916667666667	2420961
"970"	2695	2.38361112111111	2423656
"971"	1400	2.42222223222222	2425056
"972"	3301	2.46083334333333	2428357
"973"	875	2.48055556555556	2429232
"974"	8847	2.48416667666667	2438079
"975"	1588	2.50000001	2439667
"976"	882	2.52333334333333	2440549
"977"	5723	2.55222223222222	2446272
"978"	12915	2.57666667666667	2459187
"979"	1249	2.60722223222222	2460436
"980"	1664	2.63722223222222	2462100
"981"	1022	2.63805556555556	2463122
"982"	3559	2.65444445444444	2466681
"983"	4312	2.66222223222222	2470993
"984"	3860	2.66277778777778	2474853
"985"	5821	2.67472223222222	2480674
"986"	1000	2.67500001	2481674
"987"	1126	2.68416667666667	2482800
"988"	5487	2.68472223222222	2488287
"989"	713	2.69750001	2489000
"990"	883	2.71083334333333	2489883
"991"	1460	2.72361112111111	2491343
"992"	3263	2.73305556555556	2494606
"993"	1126	2.73777778777778	2495732
"994"	4472	2.74777778777778	2500204
"995"	5095	2.75416667666667	2505299
"996"	698	2.75805556555556	2505997
"997"	1682	2.77416667666667	2507679
"998"	5804	2.81444445444444	2513483
"999"	3427	2.84472223222222	2516910
"1000"	1652	2.88888889888889	2518562
"1001"	1636	2.89194445444444	2520198
"1002"	5197	2.89611112111111	2525395
"1003"	594	2.91888889888889	2525989
"1004"	1421	2.92416667666667	2527410
"1005"	1866	2.93472223222222	2529276
"1006"	7896	2.93861112111111	2537172
"1007"	6911	2.95111112111111	2544083
"1008"	1920	3.01555556555556	2546003
"1009"	1903	3.04833334333333	2547906
"1010"	2140	3.06222223222222	2550046
"1011"	2416	3.06583334333333	2552462
"1012"	3196	3.07388889888889	2555658
"1013"	664	3.13722223222222	2556322
"1014"	1638	3.14555556555556	2557960
"1015"	705	3.16055556555556	2558665
"1016"	2382	3.24972223222222	2561047
"1017"	1516	3.27777778777778	2562563
"1018"	6783	3.27972223222222	2569346
"1019"	8507	3.41777778777778	2577853
"1020"	2287	3.46333334333333	2580140
"1021"	2332	3.49944445444444	2582472
"1022"	1543	3.52305556555556	2584015
"1023"	2752	3.52333334333333	2586767
"1024"	3039	3.53361112111111	2589806
"1025"	623	3.54500001	2590429
"1026"	1982	3.55083334333333	2592411
"1027"	7454	3.56083334333333	2599865
"1028"	2242	3.58861112111111	2602107
"1029"	2291	3.59166667666667	2604398
"1030"	1183	3.66666667666667	2605581
"1031"	2094	3.93888889888889	2607675
"1032"	390	4.12666667666667	2608065
"1033"	1167	4.46361112111111	2609232
"1034"	592	4.53388889888889	2609824
"1035"	2316	4.56138889888889	2612140
"1036"	1039	4.58083334333333	2613179
"1037"	1137	4.63083334333333	2614316
"1038"	1649	4.73250001	2615965
"1039"	2315	4.75500001	2618280
"1040"	2401	4.78416667666667	2620681
"1041"	6620	4.82361112111111	2627301
"1042"	804	5.27333334333333	2628105
"1043"	2060	5.39444445444444	2630165
"1044"	4969	5.43444445444444	2635134
"1045"	4880	5.60083334333333	2640014
"1046"	780	5.66555556555556	2640794
"1047"	6120	5.72750001	2646914
"1048"	1107	5.81750001	2648021
"1049"	1821	5.88833334333333	2649842
"1050"	7044	5.89611112111111	2656886
"1051"	4709	5.90250001	2661595
"1052"	3215	5.93722223222222	2664810
"1053"	3310	5.97194445444444	2668120
"1054"	1037	5.99527778777778	2669157
"1055"	715	6.05583334333333	2669872
"1056"	5322	6.06194445444444	2675194
"1057"	4143	6.11500001	2679337
"1058"	6009	6.14722223222222	2685346
"1059"	2110	6.21333334333333	2687456
"1060"	2419	6.28055556555556	2689875
"1061"	7768	6.34694445444444	2697643
"1062"	1747	6.53416667666667	2699390
"1063"	10715	7.42166667666667	2710105
"1064"	5519	7.49833334333333	2715624
"1065"	3395	7.55055556555556	2719019
"1066"	2213	7.73444445444444	2721232
"1067"	2082	8.29277778777778	2723314
"1068"	3709	8.44944445444444	2727023
"1069"	5164	8.65555556555556	2732187
"1070"	2766	10.6683333433333	2734953
"1071"	7360	10.8738888988889	2742313
"1072"	3903	10.9811111211111	2746216
"1073"	5858	13.1733333433333	2752074
"1074"	1425	16.4005555655556	2753499
"1075"	479	16.9858333433333	2753978
"1076"	1289	24.0713888988889	2755267
"1077"	1805	24.2088888988889	2757072
"1078"	4965	24.6380555655556	2762037
"1079"	693	24.9472222322222	2762730
"1080"	968	29.1330555655556	2763698
